0	0.528005	-0.107640	0.000000	0.000000
   100     0     0     0
     0   100     0     0
     0     0   100     0
     0     0     0   100

1	0.559004	-0.115253	0.000941	-0.000231
    0.0100         0    0.0003         0
         0    0.0100         0    0.0003
    0.0003         0  109.8985         0
         0    0.0003         0  109.8985

2	0.598647	-0.121335	0.015320	-0.002436
    0.0100         0    0.0036         0
         0    0.0100         0    0.0036
    0.0036         0  118.5647         0
         0    0.0036         0  118.5647

3	0.626775	-0.124153	0.026132	-0.003508
    0.0100         0    0.0039         0
         0    0.0100         0    0.0039
    0.0039         0  127.0113         0
         0    0.0039         0  127.0113

4	0.657846	-0.134771	0.038803	-0.007914
    0.0100         0    0.0042         0
         0    0.0100         0    0.0042
    0.0042         0  135.2251         0
         0    0.0042         0  135.2251

5	0.691253	-0.136290	0.053098	-0.008472
    0.0100         0    0.0044         0
         0    0.0100         0    0.0044
    0.0044         0  143.2133         0
         0    0.0044         0  143.2133

6	0.712331	-0.139212	0.062192	-0.009716
    0.0100         0    0.0047         0
         0    0.0100         0    0.0047
    0.0047         0  150.9581         0
         0    0.0047         0  150.9581

7	0.744045	-0.142929	0.076895	-0.011398
    0.0100         0    0.0050         0
         0    0.0100         0    0.0050
    0.0050         0  158.4551         0
         0    0.0050         0  158.4551

8	0.814054	-0.150830	0.111991	-0.015312
    0.0100         0    0.0052         0
         0    0.0100         0    0.0052
    0.0052         0  165.6988         0
         0    0.0052         0  165.6988

9	0.833585	-0.152865	0.120601	-0.016142
    0.0100         0    0.0055         0
         0    0.0100         0    0.0055
    0.0055         0  172.6624         0
         0    0.0055         0  172.6624

10	0.857220	-0.158049	0.131699	-0.018772
    0.0100         0    0.0057         0
         0    0.0100         0    0.0057
    0.0057         0  179.3964         0
         0    0.0057         0  179.3964

11	0.874724	-0.158917	0.139402	-0.018913
    0.0100         0    0.0059         0
         0    0.0100         0    0.0059
    0.0059         0  185.8696         0
         0    0.0059         0  185.8696

12	0.902494	-0.161395	0.153468	-0.020036
    0.0100         0    0.0061         0
         0    0.0100         0    0.0061
    0.0061         0  192.0879         0
         0    0.0061         0  192.0879

13	0.941523	-0.167595	0.174772	-0.023512
    0.0100         0    0.0063         0
         0    0.0100         0    0.0063
    0.0063         0  198.0540         0
         0    0.0063         0  198.0540

14	0.960762	-0.168882	0.183446	-0.023837
    0.0100         0    0.0065         0
         0    0.0100         0    0.0065
    0.0065         0  203.7702         0
         0    0.0065         0  203.7702

15	0.989271	-0.170150	0.198348	-0.024150
    0.0100         0    0.0067         0
         0    0.0100         0    0.0067
    0.0067         0  209.2338         0
         0    0.0067         0  209.2338

16	1.018449	-0.175474	0.213755	-0.027237
    0.0100         0    0.0068         0
         0    0.0100         0    0.0068
    0.0068         0  214.4560         0
         0    0.0068         0  214.4560

17	1.029620	-0.176473	0.216573	-0.027298
    0.0100         0    0.0070         0
         0    0.0100         0    0.0070
    0.0070         0  219.4357         0
         0    0.0070         0  219.4357

18	1.086890	-0.181723	0.252424	-0.030406
    0.0100         0    0.0072         0
         0    0.0100         0    0.0072
    0.0072         0  224.1724         0
         0    0.0072         0  224.1724

19	1.058678	-0.175710	0.225612	-0.025264
    0.0100         0    0.0073         0
         0    0.0100         0    0.0073
    0.0073         0  228.6876         0
         0    0.0073         0  228.6876

20	1.078827	-0.177608	0.235009	-0.026049
    0.0100         0    0.0074         0
         0    0.0100         0    0.0074
    0.0074         0  232.9917         0
         0    0.0074         0  232.9917

21	1.106354	-0.181817	0.249946	-0.028585
    0.0100         0    0.0076         0
         0    0.0100         0    0.0076
    0.0076         0  237.0705         0
         0    0.0076         0  237.0705

22	1.148607	-0.185219	0.276111	-0.030473
    0.0100         0    0.0077         0
         0    0.0100         0    0.0077
    0.0077         0  240.9549         0
         0    0.0077         0  240.9549

>> 