0       0.166680        0.000000        0.000000        -21.576000      -25.665001      -21.576000  -25.665001
1       0.175380        -0.234529       -0.293275       -27.495462      -34.514194      -27.496000  -34.514999
2       0.184090        -0.473942       -0.593905       -23.136354      -35.216297      -23.132000  -35.216999
3       0.192800        -0.675492       -0.900674       -26.790350      -39.271950      -26.794001  -39.276001
4       0.201500        -0.908484       -1.242325       -17.190590      -37.477795      -17.181000  -37.476002
5       0.210210        -1.058240       -1.568764       -20.199993      -38.421059      -20.202999  -38.422001
6       0.218350        -1.222614       -1.881464       -13.556637      -32.506908      -13.550000  -32.500999
7       0.227060        -1.340643       -2.164530       -7.879172       -24.483017      -7.873500   -24.475000
8       0.235770        -1.409299       -2.377782       -11.135746      -25.054430      -11.139000  -25.055000
9       0.244470        -1.506203       -2.595780       -13.730408      -27.921135      -13.733000  -27.924000
10      0.253180        -1.625793       -2.838983       -13.519211      -29.081841      -13.519000  -29.083000
11      0.261890        -1.743550       -3.092286       -14.098421      -29.053028      -14.099000  -29.052999
12      0.270600        -1.866380       -3.345345       -17.879223      -29.967087      -17.882999  -29.968000
13      0.279300        -2.021927       -3.606076       -17.548330      -31.919050      -17.548000  -31.921000
14      0.288010        -2.174765       -3.884110       -16.693855      -34.146774      -16.693001  -34.148998
15      0.296720        -2.320107       -4.181468       -9.620067       -27.137001      -9.613000   -27.129999
16      0.304860        -2.398436       -4.402349       -12.265357      -25.453682      -12.268000  -25.452000
17      0.313560        -2.505149       -4.623825       -12.725540      -28.744711      -12.726000  -28.747999
18      0.322260        -2.615826       -4.873908       -8.671051       -29.174570      -8.667000   -29.174999
19      0.330970        -2.691342       -5.128011       -7.752418       -28.381792      -7.751500   -28.381001
20      0.339670        -2.758762       -5.374928       -4.672277       -27.802578      -4.669200   -27.802000
21      0.348370        -2.799442       -5.616856       -8.297179       -33.136669      -8.300800   -33.141998
22      0.357080        -2.871644       -5.905457       -0.587532       -30.855280      -0.579830   -30.853001
23      0.365780        -2.876707       -6.173887       4.999319        -29.573280      5.004900    -29.572001
24      0.374480        -2.833193       -6.431168       7.199902        -28.778793      7.202100    -28.778000
25      0.383180        -2.770546       -6.681561       8.147254        -30.789991      8.148200    -30.792000
26      0.391320        -2.704252       -6.932220       5.099444        -34.267525      5.096400    -34.271000
27      0.400020        -2.659800       -7.230322       15.156952       -31.283981      15.167000   -31.281000
28      0.408730        -2.527741       -7.502750       19.923237       -24.969307      19.927999   -24.962999
29      0.417430        -2.354430       -7.719957       17.428493       -21.915052      17.426001   -21.912001
30      0.426140        -2.202672       -7.910859       12.425997       -24.472446      12.421000   -24.475000
31      0.434840        -2.094461       -8.123741       24.462975       -21.243225      24.475000   -21.240000
32      0.443550        -1.881379       -8.308704       25.602861       -13.740496      25.604000   -13.733000
33      0.452250        -1.658629       -8.428239       26.183420       -12.817922      26.184000   -12.817000
34      0.460950        -1.430865       -8.539831       22.617563       -21.567261      22.614000   -21.576000
35      0.469650        -1.234109       -8.727468       20.631983       -21.789778      20.629999   -21.790001
36      0.477790        -1.066153       -8.904847       22.093540       -22.978811      22.094999   -22.980000
37      0.486500        -0.873713       -9.104986       22.674419       -22.186792      22.674999   -22.186001
38      0.495200        -0.676447       -9.298015       22.461214       -22.521666      22.461000   -22.521999
39      0.503900        -0.481023       -9.493940       23.863598       -21.119400      23.865000   -21.118000
40      0.512610        -0.273208       -9.677886       19.474384       -20.599520      19.469999   -20.599001
41      0.521320        -0.103595       -9.857312       18.524948       -21.117483      18.524000   -21.118000
42      0.530020        0.057593        -10.041007      20.963564       -17.886227      20.966000   -17.882999
43      0.538720        0.239959        -10.196584      18.983978       -14.072810      18.982000   -14.069000
44      0.547430        0.405269        -10.319158      14.378601       -14.069004      14.374000   -14.069000
45      0.556130        0.530340        -10.441566      11.690685       -14.922148      11.688000   -14.923000
46      0.564270        0.625498        -10.563010      11.139550       -12.240679      11.139000   -12.238000
47      0.572980        0.722492        -10.669645      7.602433        -14.401841      7.598900    -14.404000
48      0.581680        0.788637        -10.794965      7.964738        -17.087317      7.965100    -17.090000
49      0.590380        0.857911        -10.943632      5.769992        -17.943146      5.767800    -17.944000
50      0.599090        0.908118        -11.099970      0.158196        -24.041908      0.152590    -24.048000
51      0.607790        0.909527        -11.309150      3.902559        -25.755289      3.906300    -25.757000
52      0.616490        0.943486        -11.533201      4.637965        -23.470284      4.638700    -23.468000
53      0.625200        0.983911        -11.737611      7.900840        -21.607861      7.904100    -21.606001
54      0.633900        1.052654        -11.925609      8.513787        -22.734875      8.514400    -22.736000
55      0.642610        1.126833        -12.123627      11.319197       -22.369364      11.322000   -22.368999
56      0.650750        1.218963        -12.305696      10.285033       -20.296072      10.284000   -20.294001
57      0.659450        1.308440        -12.482289      9.979506        -22.397900      9.979200    -22.400000
58      0.668150        1.395279        -12.677135      11.961020       -20.539856      11.963000   -20.538000
59      0.676860        1.499535        -12.856016      20.682287       -18.129410      20.691000   -18.127001
60      0.685560        1.679487        -13.013721      22.550135       -15.627500      22.552000   -15.625000
61      0.694260        1.875685        -13.149670      23.832718       -14.436191      23.834000   -14.435000
62      0.702970        2.083278        -13.275445      24.870962       -18.458981      24.872000   -18.462999
63      0.711670        2.299680        -13.436063      27.889984       -21.390072      27.893000   -21.393000
64      0.720380        2.542643        -13.622350      32.557339       -18.953434      32.562000   -18.951000
65      0.729080        2.825899        -13.787246      33.233326       -19.042910      33.234001   -19.042999
66      0.737220        3.096393        -13.942280      30.336893       -22.243801      30.334000   -22.247000
67      0.745920        3.360329        -14.135806      30.883455       -22.826418      30.884001   -22.827000
68      0.754630        3.629363        -14.334620      35.273613       -22.308517      35.278000   -22.308001
69      0.763330        3.936317        -14.528636      43.936344       -14.564736      43.945000   -14.557000
70      0.772030        4.318552        -14.655327      42.512424       -11.904657      42.511002   -11.902000
71      0.780740        4.688856        -14.759011      44.766750       -11.292611      44.769001   -11.292000
72      0.789440        5.078334        -14.857259      45.835934       -11.535757      45.837002   -11.536000
73      0.798140        5.477162        -14.957616      52.148693       -11.047487      52.154999   -11.047000
74      0.806850        5.931431        -15.053855      58.160995       -12.754294      58.167000   -12.756000
75      0.815560        6.438045        -15.164929      61.977188       -11.018734      61.980999   -11.017000
76      0.823700        6.942534        -15.254608      61.127846       -9.309608       61.126999   -9.307900
77      0.832400        7.474368        -15.335589      63.565567       -7.844463       63.568001   -7.843000
78      0.841090        8.026755        -15.403757      63.842720       -7.782063       63.842999   -7.782000
79      0.849800        8.582820        -15.471506      63.385456       -4.093085       63.384998   -4.089400
80      0.858500        9.134361        -15.507060      73.414986       2.434878        73.425003   2.441400
81      0.867200        9.773071        -15.485811      73.303116       10.032410       73.303001   10.040000
82      0.875900        10.410839       -15.398482      77.236069       15.466572       77.239998   15.472000
83      0.884610        11.083674       -15.263720      89.556694       21.021450       89.569000   21.027000
84      0.893310        11.862807       -15.080872      88.227325       16.545471       88.225998   16.541000
85      0.902020        12.631329       -14.936776      95.604630       14.772771       95.612000   14.771000
86      0.910160        13.409624       -14.816502      104.391220      17.728048       104.400002  17.731001
87      0.918870        14.318902       -14.662078      108.176216      19.285444       108.180000  19.287001
88      0.927570        15.260038       -14.494348      108.399780      13.129150       108.400002  13.123000
89      0.936280        16.204235       -14.379979      112.116287      14.677453       112.120003  14.679000
90      0.944990        17.180786       -14.252119      114.617500      16.995684       114.620003  16.997999
91      0.953690        18.177938       -14.104233      112.272339      19.772226       112.269997  19.775000
92      0.962400        19.155813       -13.932030      109.832443      18.281490       109.830002  18.280001
93      0.971110        20.112492       -13.772775      114.645195      21.054230       114.650002  21.056999
94      0.979810        21.110008       -13.589539      126.328323      28.434626       126.339996  28.441999
95      0.988520        22.210432       -13.341771      137.988358      40.088356       138.000000  40.099998
96      0.996660        23.333687       -13.015369      142.325668      50.404694       142.330002  50.415001
97      1.005400        24.577585       -12.574893      139.892426      43.738659       139.889999  43.731998
98      1.014100        25.794706       -12.194308      146.233673      50.439304       146.240005  50.445999
99      1.022800        27.066956       -11.755449      148.098145      54.591850       148.100006  54.596001
100     1.031500        28.355438       -11.280497      151.116974      54.961632       151.119995  54.962002
101     1.040200        29.670187       -10.802349      154.326797      52.736225       154.330002  52.734001
102     1.048900        31.012838       -10.343558      155.059265      50.935799       155.059998  50.933998
103     1.057600        32.361805       -9.900489       149.145905      42.580345       149.139999  42.571999
104     1.066300        33.659389       -9.530080       150.668472      37.815762       150.669998  37.811001
105     1.075000        34.970196       -9.201050       149.411255      41.500320       149.410004  41.504002
106     1.083200        36.195362       -8.860714       149.989426      45.924580       149.990005  45.929001
107     1.091900        37.500256       -8.461138       148.411575      49.526402       148.410004  49.529999
108     1.100600        38.791397       -8.030223       143.594803      53.432098       143.589996  53.436001
109     1.109300        40.040596       -7.565351       134.958618      54.869564       134.949997  54.870998
110     1.118000        41.214706       -7.087954       131.653290      58.437439       131.649994  58.441002
111     1.126700        42.360062       -6.579517       128.053604      61.825615       128.050003  61.828999
112     1.135400        43.474106       -6.041612       125.372681      64.328499       125.370003  64.331001
113     1.144100        44.564812       -5.481946       122.592773      65.916412       122.589996  65.917999
114     1.152800        45.631367       -4.908438       122.250343      69.912010       122.250000  69.916000
115     1.161500        46.694923       -4.300206       119.632614      69.519386       119.629997  69.518997
116     1.169700        47.675880       -3.730166       114.844780      66.835678       114.839996  66.833000
117     1.178400        48.674995       -3.148729       111.053787      62.869965       111.050003  62.866001
118     1.187100        49.641144       -2.601781       108.552505      60.366501       108.550003  60.363998
119     1.195800        50.585529       -2.076603       107.211342      59.875492       107.209999  59.875000
120     1.204500        51.518288       -1.555672       109.497719      61.430447       109.500000  61.431999
121     1.213200        52.470924       -1.021206       110.049454      63.840591       110.050003  63.842999
122     1.221900        53.428326       -0.465784       106.693352      64.696144       106.690002  64.696999
123     1.230600        54.356544       0.097082        105.131561      65.733963       105.129997  65.735001
124     1.239300        55.271172       0.668966        103.062065      65.460274       103.059998  65.459999
125     1.248000        56.167774       1.238451        98.454597       63.173286       98.449997   63.171001
126     1.256100        56.965214       1.750115        92.717728       57.988182       92.711998   57.983002
127     1.264800        57.771809       2.254586        88.413300       55.697289       88.408997   55.695000
128     1.273500        58.540962       2.739134        83.622780       53.499199       83.617996   53.497002
129     1.282200        59.268440       3.204560        78.983627       51.394100       78.978996   51.391998
130     1.290900        59.955574       3.651683        76.204781       50.690701       76.202003   50.689999
131     1.299700        60.626144       4.097751        72.148048       49.470222       72.143997   49.469002
132     1.308400        61.253830       4.528122        71.533607       47.030437       71.532997   47.028000
133     1.317100        61.876133       4.937276        66.746780       45.747280       66.741997   45.745998
134     1.325800        62.456795       5.335275        63.632114       45.989758       63.629002   45.990002
135     1.334500        63.010353       5.735373        58.720905       44.374615       58.716000   44.373001
136     1.342600        63.485973       6.094789        56.215504       41.933437       56.213001   41.931000
137     1.351300        63.975037       6.459625        54.994221       43.577354       54.993000   43.578999
138     1.360000        64.453484       6.838786        55.083912       47.877705       55.084000   47.882000
139     1.368700        64.932747       7.255348        58.163921       50.839039       58.167000   50.841999
140     1.377400        65.438736       7.697635        53.959202       49.226608       53.955002   49.224998
141     1.386100        65.908234       8.125926        60.418545       51.389839       60.424999   51.391998
142     1.394800        66.433807       8.573009        53.442970       50.934452       53.436001   50.933998
143     1.403500        66.898628       9.016048        37.431000       40.507420       37.415001   40.497002
144     1.412200        67.224236       9.368393        31.743683       32.387115       31.738001   32.379002
145     1.420900        67.500435       9.650177        35.610134       34.147240       35.613998   34.148998
146     1.429100        67.792412       9.930179        32.046558       33.203941       32.042999   33.202999
147     1.437800        68.071220       10.219021       31.860188       29.483715       31.860001   29.480000
148     1.446500        68.348404       10.475528       32.012848       29.723761       32.013000   29.724001
149     1.455200        68.626915       10.734136       32.073940       30.943781       32.074001   30.945000
150     1.463900        68.905991       11.003369       35.457619       33.414532       35.460999   33.417000
151     1.472600        69.214508       11.294100       40.004456       36.130287       40.008999   36.132999
152     1.481300        69.562576       11.608495       43.911098       43.174961       43.915001   43.181999
153     1.490000        69.944595       11.984159       43.274635       47.908268       43.273998   47.912998
154     1.498700        70.321053       12.400954       40.134136       47.119789       40.131001   47.118999
155     1.507400        70.670219       12.810870       40.070065       44.009109       40.070000   44.006001
156     1.515600        70.998749       13.171744       34.520542       44.402607       34.514999   44.403000
157     1.524300        71.299103       13.558070       37.289234       47.025379       37.292000   47.028000
158     1.533000        71.623413       13.967183       24.609667       46.051971       24.597000   46.050999
159     1.541700        71.837418       14.367702       13.225373       30.563473       13.214000   30.548000
160     1.550400        71.952415       14.633547       6.476442        23.993563       6.469700    23.987000
161     1.559100        72.008812       14.842290       12.993489       23.834158       13.000000   23.834000
162     1.567800        72.121864       15.049690       14.097897       28.804035       14.099000   28.809000
163     1.576500        72.244530       15.300265       16.232868       26.522280       16.235001   26.520000
164     1.585200        72.385735       15.530994       13.460770       25.239283       13.458000   25.238001
165     1.593900        72.502861       15.750590       15.500962       26.762478       15.503000   26.764000
166     1.602100        72.629974       15.970088       16.265238       32.068699       16.266001   32.074001
167     1.610800        72.771492       16.249138       17.150116       38.049026       17.150999   38.055000
168     1.619500        72.920715       16.580185       18.980171       40.280773       18.982000   40.283001
169     1.628200        73.085815       16.930656       15.811166       43.545738       15.808000   43.549000
170     1.636900        73.223351       17.309479       13.033775       41.079464       13.031000   41.077000
171     1.645600        73.336792       17.666842       18.579458       37.723354       18.584999   37.720001
172     1.654300        73.498497       17.995058       25.871716       40.341385       25.879000   40.344002
173     1.663000        73.723465       18.346006       12.708150       37.630707       12.695000   37.627998
174     1.671700        73.833961       18.673281       6.049152        24.701916       6.042500    24.688999
175     1.680400        73.886627       18.888159       10.615438       21.335363       10.620000   21.332001
176     1.688600        73.973747       19.063126       20.101524       23.557779       20.111000   23.559999
177     1.697300        74.148598       19.268068       16.605492       22.523033       16.601999   22.521999
178     1.706000        74.293053       19.464012       15.138466       21.667854       15.137000   21.667000
179     1.714700        74.424774       19.652533       16.508631       22.825844       16.510000   22.827000
180     1.723400        74.568436       19.851183       21.144369       30.265568       21.149000   30.273001
181     1.732100        74.752396       20.114540       21.453691       35.425846       21.454000   35.431000
182     1.740800        74.939049       20.422794       22.002453       41.101330       22.003000   41.106998
183     1.749500        75.130463       20.780397       20.997005       43.546558       20.996000   43.549000
184     1.758200        75.313026       21.159212       8.862223        38.853687       8.850100    38.848999
185     1.766900        75.390091       21.497181       4.886772        32.782066       4.882800    32.776001
186     1.775100        75.430161       21.765949       4.486500        27.227549       4.486100    27.222000
187     1.783800        75.469238       22.002853       9.516475        29.996235       9.521500    29.999001
188     1.792500        75.552025       22.263840       8.484931        32.193802       8.483900    32.195999
189     1.801200        75.625854       22.543938       9.520465        33.567627       9.521500    33.569000
190     1.809900        75.708641       22.835936       4.917898        28.935627       4.913300    28.931000
191     1.818600        75.751389       23.087656       0.767087        26.796139       0.762940    26.794001
192     1.827300        75.758080       23.320805       2.653116        29.630169       2.655000    29.632999
193     1.836000        75.781181       23.578604       5.703753        31.523109       5.706800    31.525000
194     1.844700        75.830788       23.852882       4.182420        34.512012       4.180900    34.514999
195     1.853500        75.867661       24.156586       12.016174       34.027485       12.024000   34.027000
196     1.861600        75.964890       24.432196       -0.018495       32.380646       -0.030518   32.379002
197     1.870300        75.964699       24.713871       -3.445077       28.263115       -3.448500   28.259001
198     1.879000        75.934761       24.959721       -0.033926       24.174086       -0.030518   24.170000
199     1.887700        75.934471       25.170048       1.036531        25.541634       1.037600    25.542999