0       0.000000        0.000000        0.000000        -26.489000      -34.851002      -26.489000  -34.851002
1       0.011081        -0.248036       -0.336697       -21.973410      -29.938446      -21.973000  -29.938000
2       0.019787        -0.439312       -0.597368       -20.631340      -31.370569      -20.629999  -31.372000
3       0.028495        -0.618956       -0.870560       -19.105524      -33.383991      -19.104000  -33.386002
4       0.037201        -0.785239       -1.161194       -13.341759      -32.532852      -13.336000  -32.532001
5       0.045343        -0.893854       -1.426063       -11.781558      -30.915615      -11.780000  -30.914000
6       0.054050        -0.996496       -1.695261       -18.578209      -32.713203      -18.584999  -32.715000
7       0.062758        -1.158300       -1.980123       -21.451130      -32.135574      -21.454000  -32.134998
8       0.071465        -1.345052       -2.259903       -18.801647      -29.329803      -18.799000  -29.327000
9       0.080171        -1.508758       -2.515254       -20.993811      -30.028301      -20.996000  -30.028999
10      0.088878        -1.691527       -2.776700       -18.252739      -28.810217      -18.250000  -28.809000
11      0.097586        -1.850478       -3.027585       -18.981272      -29.448362      -18.982000  -29.448999
12      0.106290        -2.015696       -3.283875       -19.561420      -26.248198      -19.562000  -26.245001
13      0.115000        -2.186141       -3.512501       -27.031536      -26.641607      -27.039000  -26.642000
14      0.123710        -2.421641       -3.744634       -33.318718      -36.428223      -33.325001  -36.438000
15      0.131850        -2.692930       -4.041167       -42.593735      -37.353077      -42.603001  -37.354000
16      0.140560        -3.063846       -4.366464       -33.944641      -31.774572      -33.936001  -31.768999
17      0.149260        -3.359108       -4.642909       -27.472466      -32.470306      -27.466000  -32.471001
18      0.157970        -3.598368       -4.925672       -24.538929      -26.404060      -24.535999  -26.398001
19      0.166680        -3.812076       -5.155645       -21.578957      -25.665739      -21.576000  -25.665001
20      0.175380        -3.999865       -5.379014       -27.490095      -34.506168      -27.496000  -34.514999
21      0.184090        -4.239265       -5.679569       -23.136349      -35.216290      -23.132000  -35.216999
22      0.192800        -4.440815       -5.986338       -26.790350      -39.271950      -26.794001  -39.276001
23      0.201500        -4.673808       -6.327988       -17.190590      -37.477795      -17.181000  -37.476002
24      0.210210        -4.823564       -6.654428       -20.199993      -38.421059      -20.202999  -38.422001
25      0.218350        -4.987938       -6.967127       -13.556637      -32.506908      -13.550000  -32.500999
26      0.227060        -5.105967       -7.250193       -7.879172       -24.483017      -7.873500   -24.475000
27      0.235770        -5.174622       -7.463444       -11.135746      -25.054430      -11.139000  -25.055000
28      0.244470        -5.271525       -7.681443       -13.730408      -27.921135      -13.733000  -27.924000
29      0.253180        -5.391115       -7.924646       -13.519211      -29.081841      -13.519000  -29.083000
30      0.261890        -5.508873       -8.177949       -14.098421      -29.053028      -14.099000  -29.052999
31      0.270600        -5.631702       -8.431008       -17.879223      -29.967087      -17.882999  -29.968000
32      0.279300        -5.787249       -8.691740       -17.548330      -31.919050      -17.548000  -31.921000
33      0.288010        -5.940087       -8.969774       -16.693855      -34.146774      -16.693001  -34.148998
34      0.296720        -6.085429       -9.267132       -9.620067       -27.137001      -9.613000   -27.129999
35      0.304860        -6.163758       -9.488013       -12.265357      -25.453682      -12.268000  -25.452000
36      0.313560        -6.270471       -9.709489       -12.725540      -28.744711      -12.726000  -28.747999
37      0.322260        -6.381147       -9.959571       -8.671051       -29.174570      -8.667000   -29.174999
38      0.330970        -6.456664       -10.213675      -7.752418       -28.381792      -7.751500   -28.381001
39      0.339670        -6.524084       -10.460591      -4.672277       -27.802578      -4.669200   -27.802000
40      0.348370        -6.564764       -10.702520      -8.297179       -33.136669      -8.300800   -33.141998
41      0.357080        -6.636965       -10.991121      -0.587532       -30.855280      -0.579830   -30.853001
42      0.365780        -6.642028       -11.259550      4.999319        -29.573280      5.004900    -29.572001
43      0.374480        -6.598515       -11.516831      7.199902        -28.778793      7.202100    -28.778000
44      0.383180        -6.535868       -11.767223      8.147254        -30.789991      8.148200    -30.792000
45      0.391320        -6.469574       -12.017882      5.099444        -34.267525      5.096400    -34.271000
46      0.400020        -6.425121       -12.315985      15.156952       -31.283981      15.167000   -31.281000
47      0.408730        -6.293063       -12.588413      19.923237       -24.969307      19.927999   -24.962999
48      0.417430        -6.119752       -12.805620      17.428493       -21.915052      17.426001   -21.912001
49      0.426140        -5.967993       -12.996522      12.425997       -24.472446      12.421000   -24.475000
50      0.434840        -5.859783       -13.209404      24.462975       -21.243225      24.475000   -21.240000
51      0.443550        -5.646700       -13.394367      25.602861       -13.740496      25.604000   -13.733000
52      0.452250        -5.423950       -13.513902      26.183420       -12.817922      26.184000   -12.817000
53      0.460950        -5.196186       -13.625494      22.617563       -21.567261      22.614000   -21.576000
54      0.469650        -4.999430       -13.813131      20.631983       -21.789778      20.629999   -21.790001
55      0.477790        -4.831473       -13.990510      22.093540       -22.978811      22.094999   -22.980000
56      0.486500        -4.639033       -14.190649      22.674419       -22.186792      22.674999   -22.186001
57      0.495200        -4.441768       -14.383677      22.461214       -22.521666      22.461000   -22.521999
58      0.503900        -4.246343       -14.579603      23.863598       -21.119400      23.865000   -21.118000
59      0.512610        -4.038529       -14.763549      19.474384       -20.599520      19.469999   -20.599001
60      0.521320        -3.868916       -14.942975      18.524948       -21.117483      18.524000   -21.118000
61      0.530020        -3.707727       -15.126670      20.963564       -17.886227      20.966000   -17.882999
62      0.538720        -3.525361       -15.282247      18.983978       -14.072810      18.982000   -14.069000
63      0.547430        -3.360052       -15.404820      14.378601       -14.069004      14.374000   -14.069000
64      0.556130        -3.234981       -15.527228      11.690685       -14.922148      11.688000   -14.923000
65      0.564270        -3.139823       -15.648673      11.139550       -12.240679      11.139000   -12.238000
66      0.572980        -3.042829       -15.755308      7.602433        -14.401841      7.598900    -14.404000
67      0.581680        -2.976684       -15.880628      7.964738        -17.087317      7.965100    -17.090000
68      0.590380        -2.907410       -16.029295      5.769992        -17.943146      5.767800    -17.944000
69      0.599090        -2.857203       -16.185633      0.158196        -24.041908      0.152590    -24.048000
70      0.607790        -2.855794       -16.394814      3.902559        -25.755289      3.906300    -25.757000
71      0.616490        -2.821835       -16.618866      4.637965        -23.470284      4.638700    -23.468000
72      0.625200        -2.781410       -16.823277      7.900840        -21.607861      7.904100    -21.606001
73      0.633900        -2.712667       -17.011274      8.513787        -22.734875      8.514400    -22.736000
74      0.642610        -2.638488       -17.209291      11.319197       -22.369364      11.322000   -22.368999
75      0.650750        -2.546358       -17.391359      10.285033       -20.296072      10.284000   -20.294001
76      0.659450        -2.456881       -17.567955      9.979506        -22.397900      9.979200    -22.400000
77      0.668150        -2.370042       -17.762802      11.961020       -20.539856      11.963000   -20.538000
78      0.676860        -2.265786       -17.941683      20.682287       -18.129410      20.691000   -18.127001
79      0.685560        -2.085834       -18.099388      22.550135       -15.627500      22.552000   -15.625000
80      0.694260        -1.889636       -18.235338      23.832718       -14.436191      23.834000   -14.435000
81      0.702970        -1.682044       -18.361113      24.870962       -18.458981      24.872000   -18.462999
82      0.711670        -1.465641       -18.521730      27.889984       -21.390072      27.893000   -21.393000
83      0.720380        -1.222678       -18.708017      32.557339       -18.953434      32.562000   -18.951000
84      0.729080        -0.939423       -18.872913      33.233326       -19.042910      33.234001   -19.042999
85      0.737220        -0.668928       -19.027948      30.336893       -22.243801      30.334000   -22.247000
86      0.745920        -0.404992       -19.221476      30.883455       -22.826418      30.884001   -22.827000
87      0.754630        -0.135958       -19.420290      35.273613       -22.308517      35.278000   -22.308001
88      0.763330        0.170996        -19.614305      43.936344       -14.564736      43.945000   -14.557000
89      0.772030        0.553230        -19.740995      42.512424       -11.904657      42.511002   -11.902000
90      0.780740        0.923534        -19.844679      44.766750       -11.292611      44.769001   -11.292000
91      0.789440        1.313012        -19.942926      45.835934       -11.535757      45.837002   -11.536000
92      0.798140        1.711840        -20.043283      52.148693       -11.047487      52.154999   -11.047000
93      0.806850        2.166109        -20.139523      58.160995       -12.754294      58.167000   -12.756000
94      0.815560        2.672723        -20.250597      61.977188       -11.018734      61.980999   -11.017000
95      0.823700        3.177212        -20.340277      61.127846       -9.309608       61.126999   -9.307900
96      0.832400        3.709046        -20.421257      63.565567       -7.844463       63.568001   -7.843000
97      0.841090        4.261433        -20.489426      63.842720       -7.782063       63.842999   -7.782000
98      0.849800        4.817497        -20.557175      63.385456       -4.093085       63.384998   -4.089400
99      0.858500        5.369039        -20.592728      73.414986       2.434878        73.425003   2.441400
100     0.867200        6.007750        -20.571478      73.303116       10.032410       73.303001   10.040000
101     0.875900        6.645517        -20.484148      77.236069       15.466572       77.239998   15.472000
102     0.884610        7.318353        -20.349386      89.556694       21.021450       89.569000   21.027000
103     0.893310        8.097486        -20.166538      88.227325       16.545471       88.225998   16.541000
104     0.902020        8.866007        -20.022444      95.604630       14.772771       95.612000   14.771000
105     0.910160        9.644302        -19.902168      104.391220      17.728048       104.400002  17.731001
106     0.918870        10.553580       -19.747744      108.176216      19.285444       108.180000  19.287001
107     0.927570        11.494717       -19.580013      108.399780      13.129150       108.400002  13.123000
108     0.936280        12.438914       -19.465645      112.116287      14.677453       112.120003  14.679000
109     0.944990        13.415465       -19.337784      114.617500      16.995684       114.620003  16.997999
110     0.953690        14.412620       -19.189896      112.272339      19.772226       112.269997  19.775000
111     0.962400        15.390493       -19.017693      109.832443      18.281490       109.830002  18.280001
112     0.971110        16.347172       -18.858437      114.645195      21.054230       114.650002  21.056999
113     0.979810        17.344688       -18.675200      126.328323      28.434626       126.339996  28.441999
114     0.988520        18.445112       -18.427433      137.988358      40.088356       138.000000  40.099998
115     0.996660        19.568367       -18.101030      142.325668      50.404694       142.330002  50.415001
116     1.005400        20.812265       -17.660555      139.892426      43.738659       139.889999  43.731998
117     1.014100        22.029387       -17.279968      146.233673      50.439304       146.240005  50.445999
118     1.022800        23.301636       -16.841110      148.098145      54.591850       148.100006  54.596001
119     1.031500        24.590118       -16.366158      151.116974      54.961632       151.119995  54.962002
120     1.040200        25.904867       -15.888010      154.326797      52.736225       154.330002  52.734001
121     1.048900        27.247519       -15.429219      155.059265      50.935799       155.059998  50.933998
122     1.057600        28.596485       -14.986150      149.145905      42.580345       149.139999  42.571999
123     1.066300        29.894070       -14.615741      150.668472      37.815762       150.669998  37.811001
124     1.075000        31.204876       -14.286711      149.411255      41.500320       149.410004  41.504002
125     1.083200        32.430042       -13.946375      149.989426      45.924580       149.990005  45.929001
126     1.091900        33.734936       -13.546799      148.411575      49.526402       148.410004  49.529999
127     1.100600        35.026077       -13.115884      143.594803      53.432098       143.589996  53.436001
128     1.109300        36.275276       -12.651011      134.958618      54.869564       134.949997  54.870998
129     1.118000        37.449387       -12.173615      131.653290      58.437439       131.649994  58.441002
130     1.126700        38.594742       -11.665178      128.053604      61.825615       128.050003  61.828999
131     1.135400        39.708786       -11.127273      125.372681      64.328499       125.370003  64.331001
132     1.144100        40.799492       -10.567608      122.592773      65.916412       122.589996  65.917999
133     1.152800        41.866047       -9.994100       122.250343      69.912010       122.250000  69.916000
134     1.161500        42.929604       -9.385868       119.632614      69.519386       119.629997  69.518997
135     1.169700        43.910561       -8.815827       114.844780      66.835678       114.839996  66.833000
136     1.178400        44.909676       -8.234390       111.053787      62.869965       111.050003  62.866001
137     1.187100        45.875824       -7.687443       108.552505      60.366501       108.550003  60.363998
138     1.195800        46.820210       -7.162265       107.211342      59.875492       107.209999  59.875000
139     1.204500        47.752968       -6.641334       109.497719      61.430447       109.500000  61.431999
140     1.213200        48.705605       -6.106867       110.049454      63.840591       110.050003  63.842999
141     1.221900        49.663006       -5.551446       106.693352      64.696144       106.690002  64.696999
142     1.230600        50.591225       -4.988580       105.131561      65.733963       105.129997  65.735001
143     1.239300        51.505852       -4.416696       103.062065      65.460274       103.059998  65.459999
144     1.248000        52.402454       -3.847210       98.454597       63.173286       98.449997   63.171001
145     1.256100        53.199894       -3.335546       92.717728       57.988182       92.711998   57.983002
146     1.264800        54.006489       -2.831075       88.413300       55.697289       88.408997   55.695000
147     1.273500        54.775642       -2.346527       83.622780       53.499199       83.617996   53.497002
148     1.282200        55.503120       -1.881102       78.983627       51.394100       78.978996   51.391998
149     1.290900        56.190254       -1.433979       76.204781       50.690701       76.202003   50.689999
150     1.299700        56.860825       -0.987910       72.148048       49.470222       72.143997   49.469002
151     1.308400        57.488510       -0.557539       71.533607       47.030437       71.532997   47.028000
152     1.317100        58.110813       -0.148385       66.746780       45.747280       66.741997   45.745998
153     1.325800        58.691475       0.249614        63.632114       45.989758       63.629002   45.990002
154     1.334500        59.245033       0.649711        58.720905       44.374615       58.716000   44.373001
155     1.342600        59.720654       1.009127        56.215504       41.933437       56.213001   41.931000
156     1.351300        60.209717       1.373963        54.994221       43.577354       54.993000   43.578999
157     1.360000        60.688168       1.753124        55.083912       47.877705       55.084000   47.882000
158     1.368700        61.167423       2.169686        58.163921       50.839039       58.167000   50.841999
159     1.377400        61.673412       2.611973        53.959202       49.226608       53.955002   49.224998
160     1.386100        62.142914       3.040263        60.418545       51.389839       60.424999   51.391998
161     1.394800        62.668488       3.487345        53.442970       50.934452       53.436001   50.933998
162     1.403500        63.133305       3.930385        37.431000       40.507420       37.415001   40.497002
163     1.412200        63.458904       4.282730        31.743683       32.387115       31.738001   32.379002
164     1.420900        63.735107       4.564514        35.610134       34.147240       35.613998   34.148998
165     1.429100        64.027084       4.844515        32.046558       33.203941       32.042999   33.202999
166     1.437800        64.305893       5.133358        31.860188       29.483715       31.860001   29.480000
167     1.446500        64.583076       5.389864        32.012848       29.723761       32.013000   29.724001
168     1.455200        64.861588       5.648472        32.073940       30.943781       32.074001   30.945000
169     1.463900        65.140663       5.917705        35.457619       33.414532       35.460999   33.417000
170     1.472600        65.449181       6.208435        40.004456       36.130287       40.008999   36.132999
171     1.481300        65.797249       6.522830        43.911098       43.174961       43.915001   43.181999
172     1.490000        66.179268       6.898493        43.274635       47.908268       43.273998   47.912998
173     1.498700        66.555725       7.315289        40.134136       47.119789       40.131001   47.118999
174     1.507400        66.904892       7.725204        40.070065       44.009109       40.070000   44.006001
175     1.515600        67.233421       8.086079        34.520542       44.402607       34.514999   44.403000
176     1.524300        67.533775       8.472404        37.289234       47.025379       37.292000   47.028000
177     1.533000        67.858086       8.881517        24.609667       46.051971       24.597000   46.050999
178     1.541700        68.072090       9.282036        13.225373       30.563473       13.214000   30.548000
179     1.550400        68.187088       9.547881        6.476442        23.993563       6.469700    23.987000
180     1.559100        68.243484       9.756624        12.993489       23.834158       13.000000   23.834000
181     1.567800        68.356537       9.964025        14.097897       28.804035       14.099000   28.809000
182     1.576500        68.479202       10.214600       16.232868       26.522280       16.235001   26.520000
183     1.585200        68.620407       10.445330       13.460770       25.239283       13.458000   25.238001
184     1.593900        68.737534       10.664926       15.500962       26.762478       15.503000   26.764000
185     1.602100        68.864647       10.884423       16.265238       32.068699       16.266001   32.074001
186     1.610800        69.006165       11.163473       17.150116       38.049026       17.150999   38.055000
187     1.619500        69.155388       11.494519       18.980171       40.280773       18.982000   40.283001
188     1.628200        69.320488       11.844991       15.811166       43.545738       15.808000   43.549000
189     1.636900        69.458023       12.223813       13.033775       41.079464       13.031000   41.077000
190     1.645600        69.571465       12.581176       18.579458       37.723354       18.584999   37.720001
191     1.654300        69.733170       12.909392       25.871716       40.341385       25.879000   40.344002
192     1.663000        69.958138       13.260339       12.708150       37.630707       12.695000   37.627998
193     1.671700        70.068634       13.587614       6.049152        24.701916       6.042500    24.688999
194     1.680400        70.121300       13.802491       10.615438       21.335363       10.620000   21.332001
195     1.688600        70.208420       13.977458       20.101524       23.557779       20.111000   23.559999
196     1.697300        70.383270       14.182403       16.605492       22.523033       16.601999   22.521999
197     1.706000        70.527725       14.378345       15.138466       21.667854       15.137000   21.667000
198     1.714700        70.659447       14.566867       16.508631       22.825844       16.510000   22.827000
199     1.723400        70.803108       14.765517       21.144369       30.265568       21.149000   30.273001
200     1.732100        70.987068       15.028872       21.453691       35.425846       21.454000   35.431000
201     1.740800        71.173721       15.337128       22.002453       41.101330       22.003000   41.106998
202     1.749500        71.365135       15.694731       20.997005       43.546558       20.996000   43.549000
203     1.758200        71.547699       16.073545       8.862223        38.853687       8.850100    38.848999
204     1.766900        71.624763       16.411514       4.886772        32.782066       4.882800    32.776001
205     1.775100        71.664833       16.680283       4.486500        27.227549       4.486100    27.222000
206     1.783800        71.703911       16.917187       9.516475        29.996235       9.521500    29.999001
207     1.792500        71.786697       17.178173       8.484931        32.193802       8.483900    32.195999
208     1.801200        71.860527       17.458271       9.520465        33.567627       9.521500    33.569000
209     1.809900        71.943314       17.750269       4.917898        28.935627       4.913300    28.931000
210     1.818600        71.986061       18.001989       0.767087        26.796139       0.762940    26.794001
211     1.827300        71.992752       18.235138       2.653116        29.630169       2.655000    29.632999
212     1.836000        72.015854       18.492937       5.703753        31.523109       5.706800    31.525000
213     1.844700        72.065460       18.767216       4.182420        34.512012       4.180900    34.514999
214     1.853500        72.102333       19.070919       12.016174       34.027485       12.024000   34.027000
215     1.861600        72.199562       19.346529       -0.018495       32.380646       -0.030518   32.379002
216     1.870300        72.199371       19.628204       -3.445077       28.263115       -3.448500   28.259001
217     1.879000        72.169434       19.874054       -0.033926       24.174086       -0.030518   24.170000
218     1.887700        72.169144       20.084381       1.036531        25.541634       1.037600    25.542999
219     1.896400        72.178123       20.306583       -3.169598       24.537003       -3.173800   24.535999
220     1.905100        72.150528       20.520004       -6.009163       18.560970       -6.012000   18.555000
221     1.913800        72.098297       20.681507       -0.554769       21.115448       -0.549320   21.118000
222     1.922500        72.093513       20.865261       4.938312        26.880241       4.943800    26.886000
223     1.931300        72.136902       21.101847       -2.525544       31.306580       -2.533000   31.311001
224     1.940000        72.114815       21.374166       -15.825712      25.884417       -15.839000  25.879000
225     1.948100        71.986656       21.583803       -11.662159      22.708174       -11.658000  22.705000
226     1.956800        71.885269       21.781397       -3.243310       26.455256       -3.234900   26.459000
227     1.965500        71.857025       22.011597       -6.375072       30.818642       -6.378200   30.823000
228     1.974200        71.801529       22.279690       -9.914663       27.530285       -9.918200   27.527000
229     1.982900        71.715240       22.519167       -13.332586      23.411114       -13.336000  23.407000
230     1.991600        71.599274       22.722870       -9.860668       26.424988       -9.857200   26.427999
231     2.000300        71.513466       22.952726       -12.082780      22.007414       -12.085000  22.003000
232     2.009000        71.408287       23.144173       -17.999088      19.625380       -18.004999  19.622999
233     2.017800        71.249931       23.316874       -13.615379      19.165461       -13.611000  19.165001
234     2.026500        71.131470       23.483606       -14.190426      18.799366       -14.191000  18.799000
235     2.034600        71.016487       23.635851       -19.007187      15.140656       -19.011999  15.137000
236     2.043300        70.851120       23.767576       -19.744265      15.502639       -19.745001  15.503000
237     2.052000        70.679344       23.902462       -19.805939      16.752750       -19.806000  16.754000
238     2.060700        70.507004       24.048220       -22.945862      18.003750       -22.948999  18.004999
239     2.069400        70.307404       24.204870       -19.168774      19.682323       -19.165001  19.684000
240     2.078100        70.140625       24.376127       -21.329842      22.397287       -21.332001  22.400000
241     2.086800        69.955040       24.570965       -22.917416      19.930464       -22.919001  19.927999
242     2.095500        69.755600       24.744371       -29.595327      21.360571       -29.601999  21.362000
243     2.104200        69.498108       24.930191       -31.340256      19.685673       -31.341999  19.684000
244     2.112900        69.225380       25.101456       -38.353992      19.165520       -38.361000  19.165001
245     2.121100        68.910797       25.258564       -48.939426      13.433727       -48.950001  13.428000
246     2.129800        68.484985       25.375410       -52.059883      10.104326       -52.063000  10.101000
247     2.138500        68.031975       25.463308       -62.611462      9.247656        -62.622002  9.246800
248     2.147200        67.487213       25.543732       -65.700912      5.496947        -65.704002  5.493200
249     2.155900        66.915558       25.591545       -72.381325      4.456639        -72.388000  4.455600
250     2.164600        66.285828       25.630301       -74.643745      2.382472        -74.646004  2.380400
251     2.173300        65.636353       25.651001       -81.475174      -0.790290       -81.482002  -0.793460
252     2.182000        64.927513       25.644115       -83.158325      -1.891000       -83.160004  -1.892100
253     2.190700        64.203995       25.627668       -86.574593      -1.282308       -86.578003  -1.281700
254     2.199400        63.450813       25.616531       -85.511063      0.852357        -85.510002  0.854490
255     2.207500        62.758152       25.623461       -87.949570      4.025130        -87.952003  4.028300
256     2.216200        61.992855       25.658463       -102.405556     2.107615        -102.419998 2.105700
257     2.224900        61.101921       25.676765       -104.028381     -1.613683       -104.029999 -1.617400
258     2.233600        60.196796       25.662687       -114.219818     -6.190527       -114.230003 -6.195100
259     2.242300        59.203030       25.608757       -118.435791     -14.609590      -118.440002 -14.618000
260     2.251000        58.172649       25.481636       -118.380051     -16.873737      -118.379997 -16.875999
261     2.259700        57.142704       25.334820       -121.187195     -18.370504      -121.190002 -18.372000
262     2.268400        56.088371       25.174965       -122.798393     -22.395977      -122.800003 -22.400000
263     2.277200        55.007721       24.977875       -124.907898     -22.979416      -124.910004 -22.980000
264     2.285900        53.921062       24.777964       -118.326576     -21.455523      -118.320000 -21.454000
265     2.294000        52.962635       24.604160       -119.319008     -23.557899      -119.320000 -23.559999
266     2.302700        51.924568       24.399199       -116.882431     -24.169390      -116.879997 -24.170000
267     2.311400        50.907764       24.188936       -109.867012     -23.103065      -109.860001 -23.101999
268     2.320100        49.951935       23.987946       -106.813049     -21.913189      -106.809998 -21.912001
269     2.328800        49.022667       23.797291       -107.209602     -23.313602      -107.209999 -23.315001
270     2.337500        48.089928       23.594439       -107.299911     -25.632683      -107.300003 -25.635000
271     2.346200        47.156425       23.371435       -107.699600     -25.939693      -107.699997 -25.940001
272     2.354900        46.219383       23.145691       -115.771935     -34.323624      -115.779999 -34.332001
273     2.363700        45.200569       22.843565       -117.977798     -42.929401      -117.980003 -42.938000
274     2.372400        44.174206       22.470081       -111.516457     -41.992935      -111.510002 -41.992001
275     2.380500        43.270870       22.129892       -117.793732     -47.510487      -117.800003 -47.515999
276     2.389200        42.246090       21.716520       -116.521271     -51.692822      -116.519997 -51.696999
277     2.397900        41.232330       21.266785       -117.459061     -51.818874      -117.459999 -51.819000
278     2.406600        40.210442       20.815958       -118.498962     -52.611206      -118.500000 -52.612000
279     2.415300        39.179474       20.358208       -123.105400     -56.941673      -123.110001 -56.945999
280     2.424000        38.108429       19.862793       -124.598503     -58.805138      -124.599998 -58.806999
281     2.432700        37.024395       19.351189       -129.604996     -59.508297      -129.610001 -59.508999
282     2.441500        35.883858       18.827503       -130.648956     -60.728779      -130.649994 -60.730000
283     2.450200        34.747231       18.299152       -126.624023     -60.912815      -126.620003 -60.912998
284     2.458900        33.645645       17.769218       -123.203415     -60.669243      -123.199997 -60.668999
285     2.467000        32.647717       17.277792       -120.422775     -61.095573      -120.419998 -61.096001
286     2.475700        31.600088       16.746265       -116.274139     -61.309788      -116.269997 -61.310001
287     2.484400        30.588455       16.212845       -119.996284     -63.351959      -120.000000 -63.354000
288     2.493100        29.544548       15.661719       -114.535454     -59.970379      -114.529999 -59.966999
289     2.501800        28.548086       15.139946       -113.221313     -62.619354      -113.220001 -62.622002
290     2.510500        27.563133       14.595169       -106.236984     -62.103516      -106.230003 -62.103001
291     2.519300        26.628284       14.048664       -101.754478     -61.279823      -101.750000 -61.278999
292     2.528000        25.743067       13.515529       -94.885857      -60.486794      -94.878998  -60.486000
293     2.536700        24.917572       12.989337       -94.604279      -56.217266      -94.603996  -56.213001
294     2.545400        24.094530       12.500258       -93.933670      -55.603615      -93.932999  -55.603001
295     2.553500        23.333656       12.049870       -94.909027      -55.267334      -94.910004  -55.266998
296     2.562200        22.507923       11.569031       -96.220688      -56.029236      -96.222000  -56.029999
297     2.570900        21.670820       11.081590       -95.337883      -55.145882      -95.336998  -55.145000
298     2.579600        20.841375       10.601849       -94.452888      -51.060081      -94.452003  -51.056000
299     2.588300        20.019678       10.157659       -90.671776      -47.885170      -90.667999  -47.882000
300     2.597100        19.221819       9.736299        -84.387276      -44.406475      -84.380997  -44.403000
301     2.605800        18.487705       9.349966        -79.076302      -44.463943      -79.070999  -44.464001
302     2.614500        17.799768       8.963118        -74.711365      -45.196266      -74.707001  -45.196999
303     2.623200        17.149828       8.569975        -70.011696      -38.306881      -70.007004  -38.299999
304     2.631900        16.540735       8.236708        -67.812195      -37.384918      -67.809998  -37.383999
305     2.640000        15.991481       7.933895        -64.548256      -36.560825      -64.544998  -36.560001
306     2.648700        15.429951       7.615831        -60.763779      -35.310249      -60.759998  -35.308998
307     2.657400        14.901266       7.308616        -66.065704      -37.534775      -66.070999  -37.536999
308     2.666100        14.326397       6.981951        -76.313759      -49.853695      -76.323997  -49.866001
309     2.674800        13.662506       6.548183        -72.787521      -55.109749      -72.783997  -55.115002
310     2.683600        13.022009       6.063249        -68.760017      -51.395710      -68.755997  -51.391998
311     2.692300        12.423751       5.616077        -72.993774      -53.922474      -72.998001  -53.924999
312     2.701000        11.788754       5.146986        -68.272713      -50.693226      -68.267998  -50.689999
313     2.709700        11.194793       4.705977        -65.859413      -47.366322      -65.857002  -47.362999
314     2.718400        10.621899       4.293967        -57.076775      -39.009346      -57.068001  -39.000999
315     2.726500        10.159546       3.978015        -60.634445      -35.922081      -60.638000  -35.918999
316     2.735200        9.632054        3.665521        -58.107525      -33.083836      -58.105000  -33.081001
317     2.743900        9.126534        3.377722        -55.483620      -29.147930      -55.480999  -29.143999
318     2.752600        8.643859        3.124164        -52.492989      -26.156988      -52.490002  -26.153999
319     2.761400        8.181890        2.893952        -55.843651      -29.568592      -55.847000  -29.572001
320     2.770100        7.696053        2.636671        -54.627216      -33.077496      -54.625999  -33.081001
321     2.778800        7.220825        2.348906        -51.912712      -32.379700      -51.910000  -32.379002
322     2.787500        6.769164        2.067153        -54.928986      -38.415970      -54.931999  -38.422001
323     2.796200        6.291259        1.732891        -56.669262      -42.811611      -56.671001  -42.816002
324     2.804900        5.798177        1.360382        -64.262413      -48.882935      -64.269997  -48.889000
325     2.813000        5.277659        0.964381        -63.020241      -54.743145      -63.019001  -54.749001
326     2.821700        4.729402        0.488119        -59.878139      -53.498245      -59.875000  -53.497002
327     2.830400        4.208508        0.022726        -55.241631      -49.381111      -55.237000  -49.376999
328     2.839200        3.722409        -0.411769       -51.944298      -42.548824      -51.941002  -42.542000
329     2.847900        3.270488        -0.781928       -53.251694      -41.200348      -53.252998  -41.199001
330     2.856600        2.807211        -1.140368       -50.966286      -40.222977      -50.964001  -40.222000
331     2.865300        2.363825        -1.490301       -49.226738      -40.009212      -49.224998  -40.008999
332     2.874000        1.935527        -1.838382       -51.419811      -39.459549      -51.422001  -39.459000
333     2.882700        1.488206        -2.181661       -48.373043      -37.690765      -48.369999  -37.688999
334     2.891400        1.067438        -2.509545       -38.705658      -34.152534      -38.695999  -34.148998
335     2.899500        0.753927        -2.786160       -39.153553      -32.563587      -39.153999  -32.562000
336     2.908200        0.413329        -3.069449       -34.184963      -30.428135      -34.180000  -30.426001
337     2.916900        0.115897        -3.334214       -37.197990      -35.426006      -37.201000  -35.431000
338     2.925600        -0.207723       -3.642429       -36.377819      -35.888538      -36.376999  -35.889000
339     2.934300        -0.524224       -3.954705       -38.449928      -41.528366      -38.452000  -41.534000
340     2.943000        -0.858781       -4.316035       -42.659798      -44.765766      -42.664001  -44.769001
341     2.951700        -1.229849       -4.705473       -34.950703      -42.574188      -34.943001  -42.571999
342     2.960400        -1.533942       -5.075855       -36.924026      -40.316254      -36.925999  -40.313999
343     2.969100        -1.855198       -5.426587       -39.304623      -38.575741      -39.306999  -38.574001
344     2.977800        -2.197190       -5.762260       -44.550758      -46.501083      -44.556000  -46.508999
345     2.986000        -2.562482       -6.143574       -40.774773      -46.173328      -40.771000  -46.173000
346     2.994700        -2.917240       -6.545271       -43.179596      -45.532642      -43.181999  -45.532001
347     3.003400        -3.292888       -6.941397       -40.835342      -43.916615      -40.833000  -43.915001
348     3.012100        -3.648159       -7.323456       -41.717117      -42.665253      -41.717999  -42.664001
349     3.020800        -4.011121       -7.694674       -43.790928      -45.468201      -43.792999  -45.471001
350     3.029500        -4.392035       -8.090236       -36.567219      -44.739727      -36.560001  -44.738998
351     3.038200        -4.710091       -8.479386       -27.932625      -35.562172      -27.924000  -35.553001
352     3.046900        -4.953125       -8.788730       -29.814121      -29.547009      -29.816000  -29.541000
353     3.055600        -5.212545       -9.045830       -34.541279      -34.601948      -34.546001  -34.606998
354     3.064300        -5.513052       -9.346904       -33.783756      -38.326283      -33.783001  -38.330002
355     3.072400        -5.786710       -9.657346       -34.759026      -38.086239      -34.759998  -38.085999
356     3.081100        -6.089134       -9.988706       -37.564198      -39.640446      -37.567001  -39.641998
357     3.089800        -6.415888       -10.333583      -31.743816      -40.739902      -31.738001  -40.741001
358     3.098500        -6.691970       -10.687976      -20.976757      -35.070663      -20.966000  -35.064999
359     3.107200        -6.874489       -10.993057      -23.679298      -31.711357      -23.681999  -31.708000
360     3.115900        -7.080489       -11.268941      -22.096581      -30.641069      -22.094999  -30.639999
361     3.124700        -7.274948       -11.538625      -23.130966      -35.395252      -23.132000  -35.400002
362     3.133400        -7.476149       -11.846619      -18.955172      -42.199203      -18.951000  -42.206001
363     3.142100        -7.641017       -12.213759      -13.921030      -42.449749      -13.916000  -42.450001
364     3.150800        -7.762182       -12.583098      -20.013914      -45.925529      -20.020000  -45.929001
365     3.158900        -7.924236       -12.955090      -12.763243      -45.013912      -12.756000  -45.013000
366     3.167600        -8.035246       -13.346701      -9.402757       -44.464550      -9.399400   -44.464001
367     3.176300        -8.116978       -13.733476      -0.924001       -36.080376      -0.915530   -36.071999
368     3.185000        -8.125019       -14.047335      -1.250873       -31.956120      -1.251200   -31.952000
369     3.193700        -8.135901       -14.325306      -1.251200       -26.006943      -1.251200   -26.000999
370     3.202500        -8.147022       -14.554245      -13.811453      -34.812202      -13.824000  -34.820999
371     3.211200        -8.267263       -14.857080      -23.366455      -31.711098      -23.375999  -31.708000
372     3.219900        -8.470367       -15.132822      -2.523222       -15.488207      -2.502400   -15.472000
373     3.228600        -8.492392       -15.267563      -10.703827      -14.496990      -10.712000  -14.496000
374     3.237300        -8.585472       -15.393640      -5.925174       -9.282509       -5.920400   -9.277300
375     3.245400        -8.633404       -15.468817      1.731851        -7.874906       1.739500    -7.873500
376     3.254100        -8.618419       -15.537346      -7.680997       -9.733243       -7.690400   -9.735100
377     3.262800        -8.685174       -15.622064      0.236231        -14.186551      0.244140    -14.191000
378     3.271500        -8.683111       -15.745537      1.067270        -19.769423      1.068100    -19.775000
379     3.280300        -8.673677       -15.919542      5.824148        -24.226547      5.828900    -24.231001
380     3.289000        -8.622931       -16.130314      14.517317       -23.956270      14.526000   -23.955999
381     3.297700        -8.496731       -16.338833      3.215590        -35.694275      3.204300    -35.706001
382     3.306400        -8.468684       -16.649387      11.283939       -36.772923      11.292000   -36.773998
383     3.315100        -8.370530       -16.969334      9.553728        -39.761013      9.552000    -39.764000
384     3.323800        -8.287416       -17.315239      9.094659        -37.356403      9.094200    -37.354000
385     3.331900        -8.213873       -17.617876      -5.996923       -44.365997      -6.012000   -44.373001
386     3.340600        -8.265896       -18.003754      11.335684       -31.384968      11.353000   -31.372000
387     3.349300        -8.167254       -18.276655      13.821517       -14.603765      13.824000   -14.587000
388     3.358000        -8.047046       -18.403614      9.251366        -3.581612       9.246800    -3.570600
389     3.366800        -7.965634       -18.435106      9.124926        -0.643805       9.124800    -0.640870
390     3.375500        -7.886183       -18.440710      16.655478       -0.945738       16.663000   -0.946040
391     3.384200        -7.741256       -18.448954      19.315344       -2.805742       19.318001   -2.807600
392     3.392900        -7.573164       -18.473375      25.171150       -4.179528       25.177000   -4.180900
393     3.401600        -7.354116       -18.509758      32.219959       -6.528453       32.227001   -6.530800
394     3.410300        -7.073857       -18.566641      25.397816       -16.164373      25.391001   -16.174000
395     3.418400        -6.868134       -18.697638      25.481916       -24.162010      25.482000   -24.170000
396     3.427100        -6.646442       -18.907915      25.573908       -32.279888      25.573999   -32.287998
397     3.435800        -6.423926       -19.188744      27.890686       -30.946331      27.893000   -30.945000
398     3.444600        -6.178535       -19.461073      22.344542       -30.884064      22.339001   -30.884001
399     3.453300        -5.984132       -19.729761      23.314032       -30.792091      23.315001   -30.792000
400     3.462000        -5.781276       -19.997627      26.394922       -28.444345      26.398001   -28.441999
401     3.470700        -5.551759       -20.245125      12.282099       -31.765680      12.268000   -31.768999
402     3.479400        -5.444844       -20.521429      19.371918       -25.519241      19.379000   -25.513000
403     3.488100        -5.276341       -20.743301      15.384983       -8.378925       15.381000   -8.361800
404     3.496800        -5.142523       -20.816170      11.935446       -5.221654       11.932000   -5.218500
405     3.504900        -5.045923       -20.858490      2.389935        -8.175749       2.380400    -8.178700
406     3.513600        -5.025172       -20.929567      -2.406109       -1.989780       -2.410900   -1.983600
407     3.522400        -5.046364       -20.947081      -4.544963       -2.380010       -4.547100   -2.380400
408     3.531100        -5.085906       -20.967764      -4.547098       0.272011        -4.547100   0.274660
409     3.539800        -5.125463       -20.965393      -4.333713       0.701471        -4.333500   0.701900
410     3.548500        -5.163316       -20.959448      -21.466883      -17.498817      -21.483999  -17.517000
411     3.557200        -5.350039       -21.111784      -17.216246      -28.980530      -17.212000  -28.992001
412     3.565900        -5.499749       -21.363918      -8.827980       -28.931049      -8.819600   -28.931000
413     3.574600        -5.576512       -21.615644      -4.307516       -32.223713      -4.303000   -32.227001
414     3.583300        -5.614013       -21.896051      -7.107802       -38.842388      -7.110600   -38.848999
415     3.591400        -5.671594       -22.210665      -8.208100       -38.605236      -8.209200   -38.605000
416     3.600100        -5.742961       -22.546545      -3.117885       -39.793812      -3.112800   -39.794998
417     3.608900        -5.770327       -22.896622      5.027263        -27.173607      5.035400    -27.160999
418     3.617600        -5.726591       -23.132936      5.004922        -16.520641      5.004900    -16.510000
419     3.626300        -5.683050       -23.276615      4.669535        -10.474041      4.669200    -10.468000
420     3.635000        -5.642513       -23.367800      -5.361079       -17.449032      -5.371100   -17.455999
421     3.643700        -5.689080       -23.519575      3.104343        -14.133312      3.112800    -14.130000
422     3.652400        -5.662009       -23.642538      10.398713       -14.373759      10.406000   -14.374000
423     3.661100        -5.571488       -23.767601      16.472931       -15.959416      16.479000   -15.961000
424     3.669800        -5.428154       -23.906502      18.370104       -21.966999      18.372000   -21.973000
425     3.677900        -5.279325       -24.084455      22.152222       -24.564404      22.156000   -24.566999
426     3.686700        -5.084345       -24.300564      26.698458       -17.920637      26.702999   -17.914000
427     3.695400        -4.852036       -24.456440      30.879824       -14.133783      30.884001   -14.130000
428     3.704100        -4.583395       -24.579405      29.695183       -14.251882      29.694000   -14.252000
429     3.712800        -4.324849       -24.703323      52.009708       -5.745798       52.032001   -5.737300
430     3.721500        -3.872345       -24.753325      54.898117       -7.231216       54.901001   -7.232700
431     3.730200        -3.394641       -24.816214      64.474434       -4.549779       64.484001   -4.547100
432     3.738900        -2.833687       -24.855801      68.325157       -5.034915       68.329002   -5.035400
433     3.747600        -2.239239       -24.899639      69.487839       -9.029210       69.488998   -9.033200
434     3.756300        -1.634731       -24.978233      66.226257       -13.819216      66.223000   -13.824000
435     3.764400        -1.098303       -25.090160      65.399826       -12.696121      65.399002   -12.695000
436     3.773100        -0.529376       -25.200632      60.277119       -14.646051      60.271999   -14.648000
437     3.781800        -0.004984       -25.328068      57.101173       -16.142504      57.098000   -16.143999
438     3.790500        0.491897        -25.468424      69.384735       -6.723310       69.397003   -6.713900
439     3.799200        1.095515        -25.526836      65.037338       2.615171        65.032997   2.624500
440     3.807900        1.661289        -25.504053      59.972061       6.252466        59.966999   6.256100
441     3.816600        2.183050        -25.449656      59.509460       6.164688        59.508999   6.164600
442     3.825300        2.700829        -25.395988      65.575943       10.006163       65.582001   10.010000
443     3.834000        3.271378        -25.308920      68.996582       11.503504       69.000000   11.505000
444     3.842800        3.878553        -25.207697      71.225769       10.773729       71.227997   10.773000
445     3.850900        4.455518        -25.120445      75.434799       8.821550        75.439003   8.819600
446     3.859600        5.111814        -25.043705      75.835602       7.965955        75.835999   7.965100
447     3.868300        5.771559        -24.974421      73.884949       5.861502        73.883003   5.859400
448     3.877000        6.414375        -24.923424      74.706177       5.859402        74.707001   5.859400
449     3.885700        7.064329        -24.872442      76.840866       6.591069        76.843002   6.591800
450     3.894400        7.732865        -24.815107      80.074776       5.646744        80.078003   5.645800
451     3.903100        8.429550        -24.765932      82.822250       11.163488       82.824997   11.169000
452     3.911800        9.150121        -24.668800      85.782043       12.541623       85.785004   12.543000
453     3.920500        9.896453        -24.559650      87.706078       16.810736       87.708000   16.815001
454     3.929200        10.659527       -24.413376      92.341370       19.467346       92.346001   19.469999
455     3.937400        11.416739       -24.253736      91.949387       19.927540       91.948997   19.927999
456     3.946100        12.216722       -24.080383      95.882072       18.495430       95.886002   18.493999
457     3.954800        13.050890       -23.919458      96.343544       20.445053       96.344002   20.447001
458     3.963500        13.889103       -23.741562      97.654686       22.855591       97.655998   22.858000
459     3.972200        14.738588       -23.542753      86.132515       19.107744       86.121002   19.104000
460     3.980900        15.487925       -23.376591      82.950180       10.170928       82.946999   10.162000
461     3.989600        16.209709       -23.288044      97.428535       17.265913       97.443001   17.273001
462     3.998300        17.057377       -23.137724      100.516914      29.436840       100.519997  29.448999
463     4.007000        17.931892       -22.881603      103.786736      31.979460       103.790001  31.982000
464     4.015700        18.834826       -22.603403      103.700081      30.091887       103.699997  30.090000
465     4.023800        19.674749       -22.359636      97.601097       32.742352       97.595001   32.744999
466     4.032600        20.533659       -22.071514      99.546051       31.495245       99.547997   31.493999
467     4.041300        21.399715       -21.797491      101.468079      33.505989       101.470001  33.507999
468     4.050000        22.282543       -21.505974      103.418053      33.690819       103.419998  33.691002
469     4.058700        23.182255       -21.212854      101.591820      35.154537       101.589996  35.155998
470     4.067400        24.066067       -20.907026      98.575012       33.723431       98.571999   33.722000
471     4.076100        24.923662       -20.613632      98.906670       34.209515       98.906998   34.209999
472     4.084800        25.784155       -20.316006      100.558350      35.155052       100.559998  35.155998
473     4.093500        26.659086       -20.010101      104.825737      40.004154       104.830002  40.008999
474     4.102200        27.571064       -19.662031      105.379440      44.429577       105.379997  44.433998
475     4.110400        28.435274       -19.297707      115.250137      43.640789       115.260002  43.639999
476     4.119100        29.437834       -18.918079      103.251984      38.670967       103.239998  38.666000
477     4.127800        30.336111       -18.581656      102.750504      37.477196       102.750000  37.476002
478     4.136500        31.230030       -18.255600      102.720032      38.451027       102.720001  38.452000
479     4.145200        32.123665       -17.921070      100.492226      39.610840       100.489998  39.612000
480     4.153900        32.997971       -17.576469      98.878609       36.319290       98.876999   36.316002
481     4.162600        33.858204       -17.260485      98.816063       37.718605       98.816002   37.720001
482     4.171300        34.717876       -16.932348      97.230583       36.470249       97.228996   36.469002
483     4.180000        35.563824       -16.615038      102.804428      38.998474       102.809998  39.000999
484     4.188700        36.458271       -16.275730      104.098709      39.641357       104.099998  39.641998
485     4.196900        37.311790       -15.950696      97.022072       38.178459       97.014999   38.176998
486     4.205600        38.155861       -15.618559      95.582443       36.897282       95.581001   36.896000
487     4.214300        38.987457       -15.297537      94.635948       37.169727       94.635002   37.169998
488     4.223000        39.810753       -14.974175      91.464165       35.829338       91.460999   35.827999
489     4.231700        40.606487       -14.662477      92.376091       34.425404       92.376999   34.424000
490     4.240400        41.410126       -14.362996      89.754616       32.412010       89.751999   32.410000
491     4.249100        42.191021       -14.081007      89.386368       31.525885       89.386002   31.525000
492     4.257800        42.968697       -13.806707      91.824570       34.725803       91.827003   34.729000
493     4.266500        43.767593       -13.504553      95.608223       39.758972       95.612000   39.764000
494     4.275200        44.599380       -13.158641      96.617996       41.319439       96.619003   41.320999
495     4.283400        45.391670       -12.819832      97.715904       39.278042       97.717003   39.276001
496     4.292100        46.241840       -12.478085      103.723999      42.995285       103.730003  42.999001
497     4.300800        47.144302       -12.103977      111.961769      49.187813       111.970001  49.194000
498     4.309500        48.118473       -11.675989      118.833130      53.340851       118.839996  53.345001
499     4.318200        49.152199       -11.211997      106.302521      45.539795       106.290001  45.532001
500     4.326900        50.077030       -10.815845      107.508797      41.081455       107.510002  41.077000
501     4.335600        51.012253       -10.458443      97.056442       40.741341       97.045998   40.741001
502     4.344300        51.856697       -10.103970      104.542526      43.880863       104.550003  43.883999
503     4.353000        52.766285       -9.722085       108.116432      55.987904       108.120003  56.000000
504     4.361700        53.706867       -9.234942       105.712402      62.157837       105.709999  62.164001
505     4.369900        54.573624       -8.725292       93.121582       55.548603       93.109001   55.542000
506     4.378600        55.383778       -8.242043       94.024101       53.530018       94.025002   53.528000
507     4.387300        56.201813       -7.776303       97.805222       57.430103       97.808998   57.433998
508     4.396000        57.052746       -7.276597       102.165642      65.482956       102.169998  65.490997
509     4.404700        57.941582       -6.706869       102.689476      69.393097       102.690002  69.397003
510     4.413400        58.834938       -6.103143       93.545135       67.110283       93.536003   67.108002
511     4.422100        59.648674       -5.519351       82.560974       60.066036       82.550003   60.058998
512     4.430800        60.366913       -4.996795       78.586967       58.686378       78.583000   58.685001
513     4.439500        61.050583       -4.486200       75.686897       62.160530       75.683998   62.164001
514     4.448200        61.708981       -3.945419       63.458214       57.682476       63.445999   57.678001
515     4.456400        62.229271       -3.472483       57.744705       52.465210       57.738998   52.459999
516     4.465100        62.731575       -3.016114       49.721016       44.136318       49.713001   44.127998
517     4.473800        63.164124       -2.632157       44.834885       38.915215       44.830002   38.910000
518     4.482500        63.554222       -2.293603       49.342499       38.452461       49.347000   38.452000
519     4.491200        63.983471       -1.959049       46.054283       40.891563       46.050999   40.894001
520     4.499900        64.384064       -1.603296       37.453590       41.015873       37.445000   41.015999
521     4.508600        64.709930       -1.246413       38.238216       44.399620       38.238998   44.403000
522     4.517300        65.042542       -0.860132       31.165068       45.408993       31.158001   45.410000
523     4.526000        65.313675       -0.465098       31.188974       43.245163       31.188999   43.243000
524     4.534700        65.585014       -0.088822       30.792397       48.731518       30.792000   48.737000
525     4.542900        65.837471       0.310841        25.548239       55.596142       25.542999   55.603001
526     4.551600        66.059669       0.794510        17.768772       54.261333       17.761000   54.259998
527     4.560300        66.214218       1.266558        13.310453       51.943317       13.306000   51.941002
528     4.569000        66.329994       1.718443        10.622684       50.080860       10.620000   50.078999
529     4.577700        66.422516       2.154222        22.022612       56.695393       22.034000   56.702000
530     4.586400        66.613869       2.647374        -5.953451       46.092594       -5.981400   46.082001
531     4.595100        66.562019       3.048223        -12.322638      28.642433       -12.329000  28.625000
532     4.603800        66.454895       3.297394        -3.030483       26.795845       -3.021200   26.794001
533     4.612500        66.428543       3.530521        -0.978610       26.062733       -0.976560   26.062000
534     4.621200        66.420044       3.757197        1.157566        18.379675       1.159700    18.372000
535     4.629300        66.429474       3.906094        8.019245        20.993389       8.026100    20.996000
536     4.638000        66.499290       4.088822        14.580445       31.025976       14.587000   31.035999
537     4.646700        66.626099       4.358751        10.349228       31.798229       10.345000   31.799000
538     4.655400        66.716133       4.635374        10.436913       29.665131       10.437000   29.663000
539     4.664200        66.808044       4.896472        18.242203       34.692978       18.250000   34.698002
540     4.672900        66.966835       5.198365        27.303947       40.552147       27.313000   40.557999
541     4.681600        67.204369       5.551180        26.428873       42.387165       26.427999   42.389000
542     4.690300        67.434280       5.919929        24.386042       40.650734       24.384001   40.648998
543     4.699000        67.646423       6.273582        22.584799       40.161488       22.583000   40.160999
544     4.707700        67.842911       6.622994        22.887697       41.471691       22.888000   41.473000
545     4.715800        68.028198       6.958878        9.992084        36.778687       9.979200    36.773998
546     4.724500        68.115082       7.278733        3.942843        21.469296       3.936800    21.454000
547     4.733200        68.149384       7.465466        3.967276        15.905558       3.967300    15.900000
548     4.741900        68.183884       7.603829        2.564901        14.405499       2.563500    14.404000
549     4.750600        68.206215       7.729166        4.148818        15.562844       4.150400    15.564000
550     4.759300        68.242332       7.864582        6.589362        17.088476       6.591800    17.090000
551     4.768000        68.299667       8.013272        7.872218        19.772318       7.873500    19.775000
552     4.776700        68.368103       8.185354        2.080986        27.183596       2.075200    27.191000
553     4.785400        68.386200       8.421832        1.374006        25.270910       1.373300    25.268999
554     4.794100        68.398186       8.641733        4.818359        30.664612       4.821800    30.670000
555     4.802300        68.437691       8.893259        3.968149        39.298374       3.967300    39.306999
556     4.811000        68.472176       9.235154        -0.605781       39.702595       -0.610350   39.702999
557     4.819700        68.466881       9.580563        -3.598111       39.702999       -3.601100   39.702999
558     4.828400        68.435547       9.926011        -7.137564       41.806896       -7.141100   41.808998
559     4.837100        68.373428       10.289687       -9.641100       37.358444       -9.643600   37.354000
560     4.845800        68.289574       10.614705       -7.326512       37.841515       -7.324200   37.841999
561     4.854500        68.225708       10.943881       -21.043297      33.146690       -21.056999  33.141998
562     4.863200        68.042603       11.232160       -23.373671      20.489643       -23.375999  20.476999
563     4.871900        67.839333       11.410370       -14.962403      15.020464       -14.954000  15.015000
564     4.880600        67.709259       11.540989       -3.520929       8.490423        -3.509500   8.483900
565     4.888800        67.680435       11.610663       2.526958        14.794702       2.533000    14.801000
566     4.897500        67.702362       11.739354       -4.448631       12.240551       -4.455600   12.238000
567     4.906200        67.663643       11.845842       -6.559191       11.871369       -6.561300   11.871000
568     4.914900        67.606583       11.949150       -5.981977       15.072802       -5.981400   15.076000
569     4.923600        67.554581       12.080319       -0.951066       18.581493       -0.946040   18.584999
570     4.932300        67.546318       12.242040       1.188063        25.779810       1.190200    25.787001
571     4.941000        67.556717       12.466385       7.927867        33.104683       7.934600    33.112000
572     4.949700        67.625694       12.754444       8.757671        39.147961       8.758500    39.153999
573     4.958400        67.701805       13.095003       0.344095        36.379765       0.335690    36.376999
574     4.967100        67.704689       13.411413       -11.767900      24.029339       -11.780000  24.017000
575     4.975200        67.609291       13.605929       -21.627150      8.926188        -21.636999  8.911100
576     4.983900        67.421165       13.683585       -18.436188      8.819707        -18.433001  8.819600
577     4.992600        67.260818       13.760287       -12.731699      5.526990        -12.726000  5.523700
578     5.001400        67.148796       13.808974       -11.201529      11.163368       -11.200000  11.169000
579     5.010100        67.051315       13.906121       -14.309895      14.187979       -14.313000  14.191000
580     5.018800        66.926865       14.029636       -9.282322       23.550646       -9.277300   23.559999
581     5.027500        66.846123       14.234590       -7.265215       29.717840       -7.263200   29.724001
582     5.036200        66.782852       14.493130       -13.970302      29.510208       -13.977000  29.510000
583     5.044900        66.661369       14.749887       -7.086977       31.979534       -7.080100   31.982000
584     5.053600        66.599762       15.028154       -2.202180       37.561424       -2.197300   37.567001
585     5.061700        66.581978       15.332433       4.022082        41.164398       4.028300    41.167999
586     5.070400        66.617081       15.690611       15.918116       44.887280       15.930000   44.890999
587     5.079100        66.755363       16.081064       -7.697308       37.757122       -7.720900   37.750000
588     5.087800        66.688187       16.409391       -32.385338      19.702038       -32.410000  19.684000
589     5.096500        66.406563       16.580765       -18.659712      15.964734       -18.646000  15.961000
590     5.105200        66.244171       16.719692       -24.834831      20.045921       -24.841000  20.049999
591     5.113900        66.028099       16.894030       -25.237598      12.122915       -25.238001  12.115000
592     5.122600        65.808548       16.999474       -23.347889      9.280140        -23.346001  9.277300
593     5.131300        65.605415       17.080259       -23.925423      14.948338       -23.926001  14.954000
594     5.140000        65.397232       17.210312       -28.163765      15.349600       -28.167999  15.350000
595     5.148200        65.166206       17.336176       -37.466709      14.679669       -37.476002  14.679000
596     5.156900        64.840302       17.463892       -31.469992      15.136543       -31.464001  15.137000
597     5.165600        64.566483       17.595654       -34.939533      23.673470       -34.943001  23.681999
598     5.174300        64.262520       17.801615       -32.412525      22.797876       -32.410000  22.797001
599     5.183000        63.980457       17.999994       -41.312107      27.339462       -41.320999  27.344000
600     5.191700        63.620903       18.237791       -58.119209      21.185150       -58.136002  21.179001
601     5.200400        63.115166       18.422035       -70.452675      13.740437       -70.464996  13.733000
602     5.209100        62.502239       18.541500       -70.068382      5.044088        -70.068001  5.035400
603     5.217800        61.892601       18.585352       -72.293777      1.194046        -72.295998  1.190200
604     5.226500        61.263680       18.595697       -69.368919      -3.657253       -69.365997  -3.662100
605     5.234700        60.694801       18.565706       -74.305069      -3.936521       -74.309998  -3.936800
606     5.243400        60.048252       18.531456       -86.200111      -4.394042       -86.211998  -4.394500
607     5.252100        59.298286       18.493248       -90.023178      -2.107984       -90.027000  -2.105700
608     5.260800        58.515068       18.474926       -93.227798      -0.215511       -93.231003  -0.213620
609     5.269500        57.703987       18.473055       -93.932297      0.182712        -93.932999  0.183110
610     5.278200        56.886742       18.474659       -93.872063      1.890394        -93.872002  1.892100
611     5.286900        56.070084       18.491112       -91.738129      2.654237        -91.736000  2.655000
612     5.295600        55.271950       18.514212       -94.357384      3.447707        -94.360001  3.448500
613     5.304300        54.451111       18.544224       -87.196159      5.399650        -87.189003  5.401600
614     5.313000        53.692326       18.591177       -103.773438     2.352944        -103.790001 2.349900
615     5.321200        52.841293       18.610348       -118.785004     -12.528133      -118.800003 -12.543000
616     5.329900        51.807865       18.501295       -119.958824     -19.311224      -119.959999 -19.318001
617     5.338600        50.764111       18.333292       -127.652321     -17.915394      -127.660004 -17.914000
618     5.347300        49.653530       18.177393       -129.787857     -21.998920      -129.789993 -22.003000
619     5.356000        48.524357       17.985977       -133.815979     -25.173828      -133.820007 -25.177000
620     5.364700        47.360126       17.766932       -139.004807     -29.353825      -139.009995 -29.358000
621     5.373400        46.150715       17.511551       -141.197800     -28.503849      -141.199997 -28.503000
622     5.382100        44.922298       17.263556       -142.488708     -30.363142      -142.490005 -30.365000
623     5.390800        43.682674       16.999395       -141.271225     -30.852512      -141.270004 -30.853001
624     5.399500        42.453602       16.730965       -144.197067     -32.925930      -144.199997 -32.928001
625     5.407700        41.271122       16.460922       -148.675522     -38.324608      -148.679993 -38.330002
626     5.416400        39.977612       16.127459       -154.264420     -43.390938      -154.270004 -43.396000
627     5.425100        38.635506       15.749910       -157.037216     -49.341057      -157.039993 -49.347000
628     5.433800        37.269218       15.320572       -157.619415     -55.474873      -157.619995 -55.480999
629     5.442500        35.897961       14.837914       -155.701920     -59.048428      -155.699997 -59.051998
630     5.451200        34.543373       14.324164       -155.210495     -63.075977      -155.210007 -63.080002
631     5.459900        33.193062       13.775392       -154.880341     -65.183891      -154.880005 -65.185997
632     5.468600        31.845615       13.208280       -155.269623     -67.380806      -155.270004 -67.383003
633     5.477300        30.494692       12.622015       -157.647614     -70.461922      -157.649994 -70.464996
634     5.486000        29.123121       12.008965       -163.723923     -74.946518      -163.729996 -74.950996
635     5.494100        27.796875       11.401845       -173.210526     -81.231720      -173.220001 -81.237999
636     5.502800        26.289944       10.695059       -175.477737     -90.353882      -175.479996 -90.362999
637     5.511600        24.745756       9.899993        -173.032440     -84.569778      -173.029999 -84.564003
638     5.520300        23.240419       9.164205        -170.013016     -89.228348      -170.009995 -89.233002
639     5.529000        21.761410       8.387901        -160.069931     -92.160072      -160.059998 -92.163002
640     5.537700        20.368811       7.586038        -152.227829     -96.370796      -152.220001 -96.375000
641     5.546400        19.044518       6.747626        -143.958252     -95.886482      -143.949997 -95.886002
642     5.555100        17.792130       5.913448        -140.113846     -93.111771      -140.110001 -93.109001
643     5.563800        16.573156       5.103395        -139.920197     -92.073036      -139.919998 -92.071999
644     5.572500        15.355786       4.302330        -141.358566     -91.492577      -141.360001 -91.491997
645     5.580600        14.210865       3.561290        -138.922424     -90.394096      -138.919998 -90.392998
646     5.589300        13.002227       2.774840        -134.584335     -89.021370      -134.580002 -89.019997
647     5.598000        11.831402       2.000384        -129.395187     -86.702316      -129.389999 -86.699997
648     5.606700        10.705721       1.246114        -124.335060     -83.102592      -124.330002 -83.098999
649     5.615400        9.624057        0.523144        -119.934395     -81.544556      -119.930000 -81.542999
650     5.624100        8.580597        -0.186317       -118.381546     -80.750793      -118.379997 -80.750000
651     5.632800        7.550745        -0.888839       -112.006371     -80.597153      -112.000000 -80.597000
652     5.641500        6.576319        -1.590030       -110.081924     -81.115479      -110.080002 -81.115997
653     5.650200        5.618692        -2.295733       -101.538536     -81.817299      -101.529999 -81.818001
654     5.658900        4.735356        -3.007497       -97.050484      -77.458359      -97.045998  -77.454002
655     5.667100        3.939581        -3.642634       -90.399643      -73.246208      -90.392998  -73.241997
656     5.675800        3.153236        -4.279796       -76.308075      -64.888344      -76.293999  -64.879997
657     5.684500        2.489402        -4.844297       -67.788513      -59.026855      -67.779999  -59.021000
658     5.693200        1.899683        -5.357766       -63.815968      -52.252766      -63.812000  -52.245998
659     5.701900        1.344602        -5.812275       -51.098701      -42.551689      -51.085999  -42.542000
660     5.710600        0.900021        -6.182412       -54.226875      -35.742802      -54.230000  -35.736000
661     5.719300        0.428276        -6.493340       -51.638588      -32.230511      -51.636002  -32.227001
662     5.728000        -0.021072       -6.773831       -60.050594      -40.732506      -60.058998  -40.741001
663     5.736700        -0.543460       -7.128199       -54.723320      -40.649082      -54.717999  -40.648998
664     5.745400        -1.019491       -7.481795       -48.315399      -35.314327      -48.308998  -35.308998
665     5.753600        -1.415700       -7.771396       -50.016304      -37.412903      -50.018002  -37.415001
666     5.762300        -1.850830       -8.096920       -49.286728      -41.590828      -49.285999  -41.595001
667     5.771000        -2.279655       -8.458790       -53.431862      -45.559036      -53.436001  -45.563000
668     5.779700        -2.744559       -8.855209       -59.412025      -52.574993      -59.417999  -52.582001
669     5.788400        -3.261486       -9.312704       -61.734680      -60.874710      -61.737000  -60.882999
670     5.797100        -3.798470       -9.842294       -50.090630      -59.236637      -50.078999  -59.235001
671     5.805800        -4.234112       -10.357538      -33.799278      -46.856369      -33.783001  -46.844002
672     5.814500        -4.528151       -10.765133      -32.563236      -40.990860      -32.562000  -40.985001
673     5.823200        -4.811514       -11.121807      -38.385181      -45.344650      -38.390999  -45.348999
674     5.831900        -5.145420       -11.516290      -33.634747      -44.007336      -33.630001  -44.006001
675     5.840100        -5.421175       -11.877067      -28.874756      -35.530468      -28.870001  -35.521999
676     5.848800        -5.672437       -12.186164      -33.595284      -32.046478      -33.599998  -32.042999
677     5.857500        -5.964712       -12.465025      -33.478119      -38.964088      -33.478001  -38.971001
678     5.866200        -6.255899       -12.803968      -25.642828      -34.367592      -25.635000  -34.362999
679     5.874900        -6.478990       -13.102922      -25.756886      -29.759602      -25.757000  -29.754999
680     5.883600        -6.703051       -13.361847      -21.884869      -30.333426      -21.881001  -30.334000
681     5.892300        -6.893491       -13.625760      -27.063828      -32.072266      -27.069000  -32.074001
682     5.901000        -7.128974       -13.904838      -30.575493      -38.109970      -30.579000  -38.116001
683     5.909700        -7.394932       -14.236388      -25.335236      -37.842266      -25.330000  -37.841999
684     5.918400        -7.615353       -14.565597      -26.183153      -36.073765      -26.184000  -36.071999
685     5.926600        -7.830096       -14.861414      -30.604582      -36.864212      -30.608999  -36.865002
686     5.935300        -8.096364       -15.182135      -31.950655      -37.475391      -31.952000  -37.476002
687     5.944000        -8.374351       -15.508161      -34.177776      -36.865612      -34.180000  -36.865002
688     5.952700        -8.671761       -15.828925      -40.033150      -39.182686      -40.039001  -39.185001
689     5.961400        -9.020062       -16.169844      -42.172863      -42.934250      -42.174999  -42.938000
690     5.970100        -9.386957       -16.543369      -41.626545      -43.090843      -41.625999  -43.091000
691     5.978800        -9.749048       -16.918205      -35.223396      -37.450634      -35.216999  -37.445000
692     5.987500        -10.055473      -17.244013      -31.619600      -34.396053      -31.615999  -34.393002
693     5.996200        -10.330609      -17.543257      -37.164459      -34.606789      -37.169998  -34.606998
694     6.005000        -10.657594      -17.847771      -29.914242      -31.618984      -29.907000  -31.615999
695     6.021800        -11.160072      -18.379055      -25.273636      -36.829792      -25.268999  -36.834999
696     6.030500        -11.379909      -18.699432      -20.481787      -32.536289      -20.476999  -32.532001
697     6.039200        -11.558140      -18.982498      -25.294193      -32.897636      -25.299000  -32.897999
698     6.047900        -11.778222      -19.268759      -26.792503      -37.379520      -26.794001  -37.383999
699     6.056600        -12.011304      -19.593943      -25.544247      -35.737640      -25.542999  -35.736000
700     6.065300        -12.233529      -19.904861      -24.750793      -36.437302      -24.750000  -36.438000
701     6.074000        -12.448867      -20.221928      -25.755997      -43.968479      -25.757000  -43.976002
702     6.082800        -12.675406      -20.608803      -12.739004      -38.305656      -12.726000  -38.299999
703     6.091500        -12.786252      -20.942030      -14.859881      -35.098206      -14.862000  -35.095001
704     6.099600        -12.906554      -21.226315      -7.026825       -33.753342      -7.019000   -33.751999
705     6.108300        -12.967690      -21.519960      -6.866660       -31.374376      -6.866500   -31.372000
706     6.117000        -13.027406      -21.792877      -4.183580       -27.287085      -4.180900   -27.283001
707     6.125700        -13.063813      -22.030262      -5.339445       -26.216070      -5.340600   -26.215000
708     6.134400        -13.110281      -22.258352      -7.078363       -27.738480      -7.080100   -27.740000
709     6.143100        -13.171852      -22.499727      -5.982495       -33.776970      -5.981400   -33.783001
710     6.151800        -13.223847      -22.793602      0.298905        -34.026752      0.305180    -34.027000
711     6.160600        -13.221209      -23.093048      1.250250        -35.063961      1.251200    -35.064999
712     6.169300        -13.210325      -23.398119      2.043907        -37.046021      2.044700    -37.048000
713     6.178000        -13.192602      -23.720421      -4.753909       -37.688358      -4.760700   -37.688999
714     6.186100        -13.231033      -24.025661      4.568287        -33.238445      4.577600    -33.234001
715     6.194800        -13.191208      -24.314751      14.028549       -23.904325      14.038000   -23.895000
716     6.203500        -13.069192      -24.522673      10.562463       -18.773125      10.559000   -18.768000
717     6.212200        -12.977305      -24.686010      9.309153        -19.317457      9.307900    -19.318001
718     6.220900        -12.896279      -24.854057      13.636677       -17.671644      13.641000   -17.670000
719     6.229600        -12.777688      -25.007795      8.275656        -17.242430      8.270300    -17.242001
720     6.238300        -12.705723      -25.157829      4.520351        -20.382862      4.516600    -20.386000
721     6.247100        -12.665980      -25.337257      0.309387        -27.062328      0.305180    -27.069000
722     6.255800        -12.663274      -25.572708      2.042968        -28.440622      2.044700    -28.441999
723     6.264500        -12.645446      -25.820103      8.203046        -22.680754      8.209200    -22.674999
724     6.272600        -12.579020      -26.003799      5.800700        -20.479198      5.798300    -20.476999
725     6.281300        -12.528603      -26.182009      0.219196        -25.233252      0.213620    -25.238001
726     6.290000        -12.526653      -26.401522      5.030593        -23.774458      5.035400    -23.773001
727     6.298700        -12.482832      -26.608334      11.376660       -21.181591      11.383000   -21.179001
728     6.307400        -12.383870      -26.792608      9.218456        -19.746435      9.216300    -19.745001
729     6.316100        -12.303665      -26.964409      9.887033        -20.750998      9.887700    -20.752001
730     6.324800        -12.217645      -27.144945      10.467421       -21.392359      10.468000   -21.393000
731     6.333500        -12.126568      -27.331053      11.778689       -20.935455      11.780000   -20.934999
732     6.342200        -12.024056      -27.513170      16.169613       -18.770163      16.174000   -18.768000
733     6.350900        -11.883402      -27.676519      13.126040       -23.494282      13.123000   -23.499001
734     6.359100        -11.775762      -27.869162      14.372754       -22.949543      14.374000   -22.948999
735     6.367800        -11.650731      -28.068825      12.331040       -22.339609      12.329000   -22.339001
736     6.376500        -11.543506      -28.263210      6.140184        -26.150192      6.134000    -26.153999
737     6.385200        -11.490075      -28.490715      7.414527        -26.123026      7.415800    -26.122999
738     6.393900        -11.425551      -28.717991      9.519397        -26.916208      9.521500    -26.917000
739     6.402600        -11.342752      -28.952150      7.356860        -25.727188      7.354700    -25.726000
740     6.411300        -11.278750      -29.175962      6.745011        -22.860863      6.744400    -22.858000
741     6.420000        -11.220085      -29.374830      5.006637        -20.571287      5.004900    -20.569000
742     6.428700        -11.176510      -29.553761      7.108500        -16.148418      7.110600    -16.143999
743     6.437400        -11.114701      -29.694204      3.116788        -10.808335      3.112800    -10.803000
744     6.445300        -11.090058      -29.779593      5.643276        -10.833974      5.645800    -10.834000
745     6.454000        -11.040933      -29.873850      9.090755        -11.382452      9.094200    -11.383000
746     6.462700        -10.961798      -29.972893      14.429667       -13.304080      14.435000   -13.306000
747     6.471400        -10.836246      -30.088675      16.142288       -17.756552      16.143999   -17.761000
748     6.480100        -10.695793      -30.243193      17.149992       -21.114645      17.150999   -21.118000
749     6.488800        -10.546607      -30.426935      15.199948       -26.666454      15.198000   -26.672001
750     6.497500        -10.414432      -30.658953      8.002790        -29.202467      7.995600    -29.205000
751     6.506200        -10.344734      -30.912960      16.593418       -23.290905      16.601999   -23.285000
752     6.514900        -10.200341      -31.115582      19.345251       -21.242046      19.348000   -21.240000
753     6.523600        -10.031989      -31.300341      25.110241       -16.149086      25.115999   -16.143999
754     6.531800        -9.826069       -31.432716      27.982132       -11.083061      27.985001   -11.078000
755     6.540500        -9.582609       -31.529169      28.502480       -14.187899      28.503000   -14.191000
756     6.549200        -9.334581       -31.652609      35.302204       -14.770418      35.308998   -14.771000
757     6.557900        -9.027423       -31.781097      39.120186       -13.124644      39.124001   -13.123000
758     6.566600        -8.687056       -31.895275      42.111012       -12.360763      42.113998   -12.360000
759     6.575300        -8.320621       -32.002796      48.150967       -9.585274       48.157001   -9.582500
760     6.584000        -7.901729       -32.086197      46.327820       -11.106480      46.326000   -11.108000
761     6.592700        -7.498679       -32.182816      46.660667       -10.223882      46.660999   -10.223000
762     6.601400        -7.092683       -32.271729      52.819847       -6.290529       52.826000   -6.286600
763     6.610100        -6.633187       -32.326477      49.258560       -8.999993       49.255001   -9.002700
764     6.618300        -6.229182       -32.400272      58.614655       -7.996603       58.624001   -7.995600
765     6.627000        -5.719214       -32.469822      61.703915       -5.587107       61.707001   -5.584700
766     6.635700        -5.182307       -32.518394      68.535172       -1.347036       68.542000   -1.342800
767     6.644400        -4.586060       -32.530121      68.420113       -2.074473       68.419998   -2.075200
768     6.653100        -3.990810       -32.548180      68.603813       -3.355620       68.603996   -3.356900
769     6.661800        -3.393926       -32.577374      72.963646       -3.143512       72.968002   -3.143300
770     6.670500        -2.759134       -32.604702      74.858109       -0.765316       74.860001   -0.762940
771     6.679200        -2.107862       -32.611366      72.359497       -1.768997       72.357002   -1.770000
772     6.687900        -1.478381       -32.626781      67.967384       -4.879693       67.962997   -4.882800
773     6.696600        -0.887071       -32.669231      68.084885       -4.577901       68.084999   -4.577600
774     6.704800        -0.328699       -32.706692      75.920174       5.025806        75.928001   5.035400
775     6.713500        0.331812        -32.662952      77.482437       6.742685        77.484001   6.744400
776     6.722200        1.006043        -32.604263      93.855644       9.701644        93.872002   9.704600
777     6.730900        1.822536        -32.519886      89.085770       6.503395        89.081001   6.500200
778     6.739600        2.597668        -32.463306      95.147942       6.073430        95.153999   6.073000
779     6.748300        3.425472        -32.410477      98.232918       5.066905        98.236000   5.065900
780     6.757000        4.280107        -32.366394      100.397842      4.974493        100.400002  4.974400
781     6.765700        5.153537        -32.323105      98.024376       6.193882        98.022003   6.195100
782     6.774400        6.006375        -32.269238      96.864159       3.695096        96.862999   3.692600
783     6.783100        6.849033        -32.237103      91.100761       2.412182        91.095001   2.410900
784     6.791300        7.596169        -32.217209      107.833282      16.404022       107.849998  16.417999
785     6.800000        8.534347        -32.074383      106.541290      28.551865       106.540001  28.563999
786     6.808700        9.461270        -31.826014      109.527016      25.302246       109.529999  25.299000
787     6.817400        10.414190       -31.605877      114.954575      26.304998       114.959999  26.306000
788     6.826100        11.414316       -31.376995      118.836121      29.842466       118.839996  29.846001
789     6.834800        12.448259       -31.117348      128.220627      32.315529       128.229996  32.318001
790     6.843500        13.563814       -30.836220      126.801422      29.025286       126.800003  29.021999
791     6.852200        14.667017       -30.583691      131.864929      30.241785       131.869995  30.243000
792     6.860900        15.814218       -30.320564      130.711166      33.291950       130.710007  33.294998
793     6.869600        16.951378       -30.030920      129.181519      34.270023       129.179993  34.271000
794     6.877800        18.010677       -29.749897      127.781395      34.728542       127.779999  34.729000
795     6.886500        19.122343       -29.447750      125.522255      36.009720       125.519997  36.011002
796     6.895200        20.214325       -29.134460      120.125397      37.077930       120.120003  37.078999
797     6.903900        21.259373       -28.811893      110.000114      34.304768       109.989998  34.301998
798     6.912600        22.216465       -28.513374      121.878136      42.502811       121.889999  42.511002
799     6.921300        23.276869       -28.143501      130.701187      54.462051       130.710007  54.473999